% Auto-generated from C++
% Instance 11

instId = 11;
z_hard = [0 0 1 0 0 0 0 1 1 0 0 0; 1 1 0 1 1 1 0 0 0 1 0 0; 0 0 0 1 1 1 1 0 0 1 1 1];
tau = [nan nan 136 nan nan nan nan 86 33 nan nan nan; 37 76 nan 239 179 278 nan nan nan 313 nan nan; nan nan nan 239 179 278 72 nan nan 313 119 214];
isVirtual = [0 0 0 0 0 0 0 0 0 0 1 1];
isMR = [0 0 0 1 1 1 0 0 0 1 0 0];
theta = [9.7999999999999989 8.8000000000000007 10.333333333333334 239 179 278 13.6 11 4.7333333333333334 313 31 43];
durTask = [31 43 43 42 45 31 30 18 14 16 14 46];
svcPhysSJ = [nan nan 43 nan nan nan nan 18 14 nan nan nan; 31 43 43 42 45 31 30 18 14 16 0 0; 31 43 43 42 45 31 30 18 14 16 0 0];
svcVirtSJ = [nan nan 0 nan nan nan nan 0 0 nan nan nan; 0 0 0 0 0 0 0 0 0 0 14 46; 0 0 0 0 0 0 0 0 0 0 14 46];
orders_phys = {[9 8 3], [1 2 5 4 6 10], [7 5 4 6 10]};
orders_virt = {[], [], []};
W = [0 43 43 73 66 51 77 66 77 60 71 33 39 0 0 83 13; 43 0 0 37 33 52 53 73 50 72 47 19 13 0 0 84 37; 43 0 0 37 33 52 53 73 50 72 47 19 13 0 0 84 37; 73 37 37 0 8 49 24 68 19 71 22 39 50 0 0 71 71; 66 33 33 8 0 41 21 60 17 63 17 32 47 0 0 65 65; 51 52 52 49 41 0 36 21 40 21 32 34 61 0 0 33 59; 77 53 53 24 21 36 0 49 5 54 6 45 66 0 0 48 79; 66 73 73 68 60 21 49 0 54 8 47 55 82 0 0 17 76; 77 50 50 19 17 40 5 54 0 59 7 45 63 0 0 54 78; 60 72 72 71 63 21 54 8 59 0 51 53 79 0 0 25 71; 71 47 47 22 17 32 6 47 7 51 0 39 60 0 0 49 73; 33 19 19 39 32 34 45 55 45 53 39 0 27 0 0 67 33; 39 13 13 50 47 61 66 82 63 79 60 27 0 0 0 95 29; 0 0 0 0 0 0 0 0 0 0 0 0 0 0 0 0 0; 0 0 0 0 0 0 0 0 0 0 0 0 0 0 0 0 0; 83 84 84 71 65 33 48 17 54 25 49 67 95 0 0 0 92; 13 37 37 71 65 59 79 76 78 71 73 33 29 0 0 92 0];
endDepot = [16 17 17];
Tstart = [7.4000000000000004 6.6000000000000005 10.200000000000001 10.600000000000001 13.200000000000001 10 12 9.4000000000000004 3.8000000000000003 2.6000000000000001 38.399999999999999 49.600000000000001];

plot_gantt_mt_per_robot( ...
    z_hard, tau, isVirtual, isMR, theta, durTask, ...
    svcPhysSJ, svcVirtSJ, orders_phys, orders_virt, ...
    W, endDepot, Tstart, instId);
