% Auto-generated from C++
% Instance 34

instId = 34;
z_hard = [0 0 0 0 0 0 0 1 0 1 0 0 1 0 0 0 0 0 0 0 0 1 0 0 0 0 0 0 0 1 1 0 0 0 0 0 0 0 0 0 1 1 1 0 0 0 0 0 0 1; 0 0 1 0 1 0 1 0 1 0 0 1 0 0 0 0 0 0 0 0 0 0 0 1 0 0 1 0 0 0 0 0 0 0 1 0 0 1 0 0 0 0 0 0 0 0 0 0 0 0; 0 0 1 0 1 0 1 0 1 0 0 0 0 1 1 0 0 0 0 0 0 0 0 0 0 1 0 0 0 0 0 0 0 0 1 0 0 0 0 0 0 0 0 0 0 0 0 0 0 0; 0 0 1 0 1 0 1 0 1 0 0 0 0 1 0 0 0 0 0 0 0 0 0 1 0 0 0 0 1 0 0 0 0 1 1 0 0 0 0 0 0 0 1 0 0 0 1 0 0 0; 1 1 0 0 0 1 0 0 0 0 0 0 0 0 0 1 0 1 1 1 1 0 0 0 0 0 0 1 0 0 0 0 0 0 0 0 1 0 1 0 0 0 0 1 1 0 0 0 1 0; 1 0 0 1 0 0 0 0 0 1 0 0 0 0 0 1 1 0 0 0 1 0 0 0 0 0 0 0 0 0 0 0 1 0 0 0 0 0 1 1 0 0 0 0 0 1 0 0 0 0; 1 1 0 1 0 0 0 1 0 1 0 0 0 0 0 1 0 0 0 0 1 0 0 0 0 0 0 0 0 1 0 1 0 0 0 0 0 0 1 0 0 0 1 0 0 0 0 1 0 0; 0 1 0 1 0 0 0 1 0 0 1 0 0 1 0 0 0 0 0 1 0 0 1 1 1 0 0 0 0 0 0 0 1 0 0 1 0 0 0 0 0 0 0 0 0 0 0 0 0 0];
tau = [nan nan nan nan nan nan nan 616 nan 365 nan nan 432 nan nan nan nan nan nan nan nan 501 nan nan nan nan nan nan nan 152 19 nan nan nan nan nan nan nan nan nan 239 51 679 nan nan nan nan nan nan 645; nan nan 244 nan 293 nan 423 nan 187 nan nan 658 nan nan nan nan nan nan nan nan nan nan nan 117 nan nan 546 nan nan nan nan nan nan nan 365 nan nan 482 nan nan nan nan nan nan nan nan nan nan nan nan; nan nan 244 nan 293 nan 423 nan 187 nan nan nan nan 500 43 nan nan nan nan nan nan nan nan nan nan 565 nan nan nan nan nan nan nan nan 365 nan nan nan nan nan nan nan nan nan nan nan nan nan nan nan; nan nan 244 nan 293 nan 423 nan 187 nan nan nan nan 500 nan nan nan nan nan nan nan nan nan 117 nan nan nan nan 561 nan nan nan nan 7 365 nan nan nan nan nan nan nan 679 nan nan nan 141 nan nan nan; 35 227 nan nan nan 100 nan nan nan nan nan nan nan nan nan 486 nan 638 585 379 62 nan nan nan nan nan nan 324 nan nan nan nan nan nan nan nan 149 nan 547 nan nan nan nan 91 261 nan nan nan 261 nan; 35 nan nan 453 nan nan nan nan nan 365 nan nan nan nan nan 486 158 nan nan nan 62 nan nan nan nan nan nan nan nan nan nan nan 278 nan nan nan nan nan 547 627 nan nan nan nan nan 91 nan nan nan nan; 35 227 nan 453 nan nan nan 616 nan 365 nan nan nan nan nan 486 nan nan nan nan 62 nan nan nan nan nan nan nan nan 152 nan 299 nan nan nan nan nan nan 547 nan nan nan 679 nan nan nan nan 690 nan nan; nan 227 nan 453 nan nan nan 616 nan nan 82 nan nan 500 nan nan nan nan nan 379 nan nan 539 117 668 nan nan nan nan nan nan nan 278 nan nan 4 nan nan nan nan nan nan nan nan nan nan nan nan nan nan];
isVirtual = [0 0 0 0 0 0 0 0 0 0 0 0 0 0 0 0 0 0 0 0 0 0 0 0 0 0 0 0 0 0 0 0 0 0 0 0 0 0 0 0 0 0 0 1 1 1 1 1 1 1];
isMR = [1 1 1 1 1 0 1 1 1 1 0 0 0 1 0 1 0 0 0 1 1 0 0 1 0 0 0 0 0 1 0 0 1 0 1 0 0 0 1 0 0 0 1 0 0 0 0 0 0 0];
theta = [35 227 244 453 293 8.4500000000000011 423 616 187 365 10.250000000000002 15.650000000000002 8.4499999999999993 500 8.5500000000000007 486 15.600000000000001 13.049999999999999 12.799999999999999 379 62 10.400000000000002 10.400000000000002 117 10.550000000000001 8.6500000000000004 8.3500000000000014 14.200000000000001 16.200000000000003 152 9.6500000000000004 10.25 278 8.6499999999999986 365 13.450000000000003 8.7999999999999989 9.4000000000000021 547 10.500000000000002 8.5500000000000025 9.4499999999999993 679 29 34 13 22 11 45 29];
durTask = [13 34 21 15 29 36 33 29 45 40 22 23 27 10 43 43 42 16 33 26 29 44 32 24 22 46 31 37 35 25 25 43 45 34 19 42 25 41 12 46 43 40 11 11 34 24 35 13 22 46];
svcPhysSJ = [13 34 21 15 29 36 33 29 45 40 22 23 27 10 43 43 42 16 33 26 29 44 32 24 22 46 31 37 35 25 25 43 45 34 19 42 25 41 12 46 43 40 11 0 nan 0 0 0 0 0; nan nan 21 nan 29 nan 33 nan 45 nan nan 23 27 10 43 nan nan nan nan nan nan nan nan 24 nan 46 31 nan 35 nan nan 43 nan 34 19 42 nan 41 nan nan nan nan 11 nan 0 nan nan nan nan nan; nan nan 21 nan 29 nan 33 nan 45 nan nan 23 27 10 43 nan nan nan nan nan nan nan nan 24 nan 46 31 nan 35 nan nan 43 nan 34 19 42 nan 41 nan nan nan nan 11 0 0 0 0 0 0 0; nan nan 21 nan 29 nan 33 nan 45 nan nan 23 27 10 43 nan nan nan nan nan nan nan nan 24 nan 46 31 nan 35 nan nan 43 nan 34 19 42 nan 41 nan nan nan nan 11 0 0 0 0 0 0 0; 13 34 nan 15 nan 36 nan 29 nan 40 22 nan nan nan nan 43 42 16 33 26 29 44 32 nan 22 nan nan 37 nan 25 25 nan 45 nan nan nan 25 nan 12 46 43 40 nan 0 0 0 0 0 0 0; 13 34 nan 15 nan 36 nan 29 nan 40 22 nan nan nan nan 43 42 16 33 26 29 44 32 nan 22 nan nan 37 nan 25 25 nan 45 nan nan nan 25 nan 12 46 43 40 nan 0 0 0 0 0 0 0; 13 34 21 15 29 36 33 29 45 40 22 23 27 10 43 43 42 16 33 26 29 44 32 24 22 46 31 37 35 25 25 43 45 34 19 42 25 41 12 46 43 40 11 0 0 0 0 0 0 0; 13 34 21 15 29 36 33 29 45 40 22 23 27 10 43 43 42 16 33 26 29 44 32 24 22 46 31 37 35 25 25 43 45 34 19 42 25 41 12 46 43 40 11 0 nan 0 0 0 0 0];
svcVirtSJ = [0 0 0 0 0 0 0 0 0 0 0 0 0 0 0 0 0 0 0 0 0 0 0 0 0 0 0 0 0 0 0 0 0 0 0 0 0 0 0 0 0 0 0 11 nan 24 35 13 22 46; nan nan 0 nan 0 nan 0 nan 0 nan nan 0 0 0 0 nan nan nan nan nan nan nan nan 0 nan 0 0 nan 0 nan nan 0 nan 0 0 0 nan 0 nan nan nan nan 0 nan 34 nan nan nan nan nan; nan nan 0 nan 0 nan 0 nan 0 nan nan 0 0 0 0 nan nan nan nan nan nan nan nan 0 nan 0 0 nan 0 nan nan 0 nan 0 0 0 nan 0 nan nan nan nan 0 11 34 24 35 13 22 46; nan nan 0 nan 0 nan 0 nan 0 nan nan 0 0 0 0 nan nan nan nan nan nan nan nan 0 nan 0 0 nan 0 nan nan 0 nan 0 0 0 nan 0 nan nan nan nan 0 11 34 24 35 13 22 46; 0 0 nan 0 nan 0 nan 0 nan 0 0 nan nan nan nan 0 0 0 0 0 0 0 0 nan 0 nan nan 0 nan 0 0 nan 0 nan nan nan 0 nan 0 0 0 0 nan 11 34 24 35 13 22 46; 0 0 nan 0 nan 0 nan 0 nan 0 0 nan nan nan nan 0 0 0 0 0 0 0 0 nan 0 nan nan 0 nan 0 0 nan 0 nan nan nan 0 nan 0 0 0 0 nan 11 34 24 35 13 22 46; 0 0 0 0 0 0 0 0 0 0 0 0 0 0 0 0 0 0 0 0 0 0 0 0 0 0 0 0 0 0 0 0 0 0 0 0 0 0 0 0 0 0 0 11 34 24 35 13 22 46; 0 0 0 0 0 0 0 0 0 0 0 0 0 0 0 0 0 0 0 0 0 0 0 0 0 0 0 0 0 0 0 0 0 0 0 0 0 0 0 0 0 0 0 11 nan 24 35 13 22 46];
orders_phys = {[31 42 30 41 10 13 22 8 43], [24 9 3 5 35 7 38 27 12], [15 9 3 5 35 7 14 26], [34 24 9 3 5 35 7 14 29 43], [1 21 6 37 2 28 20 16 39 19 18], [1 21 17 33 10 4 16 39 40], [1 21 30 2 32 10 4 16 39 8 43], [36 11 24 2 33 20 4 14 23 8 25]};
orders_virt = {[50], [], [], [47], [44 45 49], [46], [48], []};
