% Auto-generated from C++
% Instance 15

instId = 15;
z_hard = [1 1 1 0 0 0 1 0 0 1 0 1; 1 0 1 1 0 0 0 0 1 1 1 0; 0 1 0 0 1 1 1 1 0 0 1 0; 1 1 1 0 0 0 0 0 1 1 1 0];
tau = [239 29 395 nan nan nan 303 nan nan 183 nan 423; 239 nan 395 54 nan nan nan nan 354 183 98 nan; nan 29 nan nan 149 425 303 383 nan nan 98 nan; 239 29 395 nan nan nan nan nan 354 183 98 nan];
isVirtual = [0 0 0 0 0 0 0 0 0 0 0 1];
isMR = [1 1 1 0 0 0 1 0 1 1 1 0];
theta = [239 29 395 0 0 0 303 0 354 183 98 0];
durTask = [29 30 28 19 21 22 36 28 32 39 28 17];
svcPhysSJ = [29 30 28 19 21 22 36 28 32 39 28 0; 29 30 28 19 21 22 36 28 32 39 28 0; 29 30 28 19 21 22 36 28 32 39 28 0; 29 30 28 19 21 22 36 28 32 39 28 0];
svcVirtSJ = [0 0 0 0 0 0 0 0 0 0 0 17; 0 0 0 0 0 0 0 0 0 0 0 17; 0 0 0 0 0 0 0 0 0 0 0 17; 0 0 0 0 0 0 0 0 0 0 0 17];
orders_phys = {[2 10 1 7 3], [4 11 10 1 9 3], [2 11 5 7 8 6], [2 11 10 1 9 3]};
orders_virt = {[12], [], [], []};
W = [0 64 0 0 71 29 23 37 48 50 35 65 21 75 47 0 51 51; 64 0 64 64 6 35 84 54 81 37 29 39 80 19 60 0 32 48; 0 64 0 0 71 29 23 37 48 50 35 65 21 75 47 0 51 51; 0 64 0 0 71 29 23 37 48 50 35 65 21 75 47 0 51 51; 71 6 71 71 0 41 90 59 86 42 35 41 86 17 64 0 36 53; 29 35 29 29 41 0 51 29 54 35 6 47 47 46 39 0 27 42; 23 84 23 23 90 51 0 60 65 61 56 75 5 97 69 0 75 58; 37 54 37 37 59 29 60 0 27 64 32 76 58 55 10 0 25 71; 48 81 48 48 86 54 65 27 0 88 58 101 66 80 23 0 51 93; 50 37 50 50 42 35 61 64 88 0 33 14 56 56 73 0 55 11; 35 29 35 35 35 6 56 32 58 33 0 44 52 40 41 0 24 41; 65 39 65 65 41 47 75 76 101 14 44 0 70 58 85 0 63 18; 21 80 21 21 86 47 5 58 66 56 52 70 0 93 68 0 71 53; 75 19 75 75 17 46 97 55 80 56 40 58 93 0 57 0 29 67; 47 60 47 47 64 39 69 10 23 73 41 85 68 57 0 0 28 81; 0 0 0 0 0 0 0 0 0 0 0 0 0 0 0 0 0 0; 51 32 51 51 36 27 75 25 51 55 24 63 71 29 28 0 0 64; 51 48 51 51 53 42 58 71 93 11 41 18 53 67 81 0 64 0];
endDepot = [18 18 18 18];
Tstart = [1.2000000000000002 5.8000000000000007 4.6000000000000005 7.4000000000000004 9.6000000000000014 7.4000000000000004 5.8000000000000007 7.8000000000000007 4.2000000000000002 3.8000000000000003 9.4000000000000004 32.600000000000001];

plot_gantt_mt_per_robot( ...
    z_hard, tau, isVirtual, isMR, theta, durTask, ...
    svcPhysSJ, svcVirtSJ, orders_phys, orders_virt, ...
    W, endDepot, Tstart, instId);
