% Auto-generated from C++
% Instance 26

instId = 26;
z_hard = [0 0 0 1 0 0 0 0 1 0 0 0 0 1; 1 0 0 0 0 0 1 0 1 0 0 0 0 0; 1 0 0 1 0 0 1 0 1 1 0 0 1 0; 0 1 1 0 0 0 0 1 0 0 1 1 0 0; 0 1 1 0 1 1 0 0 0 0 0 0 0 0; 0 1 1 0 0 0 1 0 0 0 0 0 0 0];
tau = [nan nan nan 282 nan nan nan nan 29 nan nan nan nan 212; 206 nan nan nan nan nan 86 nan 29 nan nan nan nan nan; 206 nan nan 282 nan nan 86 nan 29 300 nan nan 128 nan; nan 263 186 nan nan nan nan 45 nan nan 140 128 nan nan; nan 263 186 nan 85 43 nan nan nan nan nan nan nan nan; nan 263 186 nan nan nan 86 nan nan nan nan nan nan nan];
isVirtual = [0 0 0 0 0 0 0 0 0 1 1 1 1 1];
isMR = [1 1 1 1 0 0 1 0 1 0 0 0 0 0];
theta = [206 263 186 282 17.266666666666669 12.799999999999999 86 8.5333333333333332 29 18 42 43 46 26];
durTask = [45 42 26 18 43 17 42 46 38 28 14 12 49 46];
svcPhysSJ = [45 nan nan 18 nan 17 nan nan 38 nan nan nan nan 0; 45 42 26 18 43 17 42 46 38 nan nan nan nan 0; 45 42 26 18 43 17 42 46 38 0 0 0 0 nan; nan 42 26 nan 43 nan 42 46 nan 0 0 0 0 nan; 45 42 26 18 43 17 42 46 38 nan nan nan nan 0; 45 42 26 18 43 17 42 46 38 nan nan nan nan 0];
svcVirtSJ = [0 nan nan 0 nan 0 nan nan 0 nan nan nan nan 46; 0 0 0 0 0 0 0 0 0 nan nan nan nan 46; 0 0 0 0 0 0 0 0 0 28 14 12 49 nan; nan 0 0 nan 0 nan 0 0 nan 28 14 12 49 nan; 0 0 0 0 0 0 0 0 0 nan nan nan nan 46; 0 0 0 0 0 0 0 0 0 nan nan nan nan 46];
orders_phys = {[9 4], [9 7 1], [9 7 1 4], [8 3 2], [6 5 3 2], [7 3 2]};
orders_virt = {[14], [], [13 10], [12 11], [], []};
W = [0 0 48 48 70 70 67 100 49 99 86 63 37 63 19 0 0 0 0 0 94 53 96; 0 0 48 48 70 70 67 100 49 99 86 63 37 63 19 0 0 0 0 0 94 53 96; 48 48 0 0 64 64 92 115 72 119 111 86 14 45 29 0 0 0 0 0 108 79 104; 48 48 0 0 64 64 92 115 72 119 111 86 14 45 29 0 0 0 0 0 108 79 104; 70 70 64 64 0 0 48 55 39 62 62 43 56 20 67 0 0 0 0 0 49 46 41; 70 70 64 64 0 0 48 55 39 62 62 43 56 20 67 0 0 0 0 0 49 46 41; 67 67 92 92 48 48 0 35 20 31 19 5 78 63 77 0 0 0 0 0 30 14 37; 100 100 115 115 55 55 35 0 51 12 26 38 103 75 107 0 0 0 0 0 6 49 15; 49 49 72 72 39 39 20 51 0 50 39 14 58 49 57 0 0 0 0 0 45 8 48; 99 99 119 119 62 62 31 12 50 0 16 36 106 82 107 0 0 0 0 0 15 46 27; 86 86 111 111 62 62 19 26 39 16 0 25 98 79 96 0 0 0 0 0 24 33 36; 63 63 86 86 43 43 5 38 14 36 25 0 72 57 71 0 0 0 0 0 33 10 38; 37 37 14 14 56 56 78 103 58 106 98 72 0 39 19 0 0 0 0 0 96 66 93; 63 63 45 45 20 20 63 75 49 82 79 57 39 0 54 0 0 0 0 0 69 57 62; 19 19 29 29 67 67 77 107 57 107 96 71 19 54 0 0 0 0 0 0 100 63 99; 0 0 0 0 0 0 0 0 0 0 0 0 0 0 0 0 0 0 0 0 0 0 0; 0 0 0 0 0 0 0 0 0 0 0 0 0 0 0 0 0 0 0 0 0 0 0; 0 0 0 0 0 0 0 0 0 0 0 0 0 0 0 0 0 0 0 0 0 0 0; 0 0 0 0 0 0 0 0 0 0 0 0 0 0 0 0 0 0 0 0 0 0 0; 0 0 0 0 0 0 0 0 0 0 0 0 0 0 0 0 0 0 0 0 0 0 0; 94 94 108 108 49 49 30 6 45 15 24 33 96 69 100 0 0 0 0 0 0 43 12; 53 53 79 79 46 46 14 49 8 46 33 10 66 57 63 0 0 0 0 0 43 0 48; 96 96 104 104 41 41 37 15 48 27 36 38 93 62 99 0 0 0 0 0 12 48 0];
endDepot = [21 22 21 21 21 21];
Tstart = [9.6000000000000014 11 7.8000000000000007 12.4 12.4 8.5999999999999996 2.8000000000000003 4 3.8000000000000003 30.399999999999999 44.799999999999997 55.399999999999999 50 33.799999999999997];

plot_gantt_mt_per_robot( ...
    z_hard, tau, isVirtual, isMR, theta, durTask, ...
    svcPhysSJ, svcVirtSJ, orders_phys, orders_virt, ...
    W, endDepot, Tstart, instId);
