% Auto-generated from C++
% Instance 30

instId = 30;
z_hard = [1 1 0 1 0 0 0 1 0 0 1 0 0 0 1 0 0 0; 1 0 0 1 0 1 0 1 0 0 1 0 0 0 1 0 0 0; 0 0 1 0 0 0 1 0 0 0 0 0 0 0 0 0 1 0; 0 0 0 0 0 0 1 0 0 0 0 1 1 0 0 0 0 1; 1 0 0 1 0 1 0 0 0 1 1 0 0 1 1 0 0 0; 0 0 0 0 1 0 1 0 1 0 0 0 0 0 0 1 0 0];
tau = [395 570 nan 473 nan nan nan 501 nan nan 234 nan nan nan 475 nan nan nan; 395 nan nan 473 nan 323 nan 501 nan nan 234 nan nan nan 475 nan nan nan; nan nan 20 nan nan nan 100 nan nan nan nan nan nan nan nan nan 0 nan; nan nan nan nan nan nan 100 nan nan nan nan 191 220 nan nan nan nan 138; 395 nan nan 473 nan 323 nan nan nan 562 234 nan nan 95 475 nan nan nan; nan nan nan nan 252 nan 100 nan 150 nan nan nan nan nan nan 127 nan nan];
isVirtual = [0 0 0 0 0 0 0 0 0 0 0 0 0 0 0 1 1 1];
isMR = [1 0 0 1 0 1 1 1 0 0 1 0 0 0 1 0 0 0];
theta = [395 11.266666666666667 12.700000000000001 473 11.600000000000001 323 100 501 9.4333333333333353 16.166666666666668 234 16.433333333333334 15.433333333333332 15.233333333333334 475 27 0 43];
durTask = [49 31 46 49 12 48 27 35 42 31 46 13 16 43 12 17 14 46];
svcPhysSJ = [49 31 46 49 12 48 27 35 42 31 46 13 16 43 12 0 nan 0; 49 31 46 49 12 48 27 35 42 31 46 13 16 43 12 0 nan 0; nan nan 46 nan 12 nan 27 nan 42 nan nan 13 16 nan nan nan 0 nan; nan nan 46 nan 12 nan 27 nan 42 nan nan 13 16 nan nan 0 0 0; 49 31 46 49 12 48 27 35 42 31 46 13 16 43 12 0 0 0; nan nan 46 nan 12 nan 27 nan 42 nan nan 13 16 nan nan 0 nan 0];
svcVirtSJ = [0 0 0 0 0 0 0 0 0 0 0 0 0 0 0 17 nan 46; 0 0 0 0 0 0 0 0 0 0 0 0 0 0 0 17 nan 46; nan nan 0 nan 0 nan 0 nan 0 nan nan 0 0 nan nan nan 14 nan; nan nan 0 nan 0 nan 0 nan 0 nan nan 0 0 nan nan 17 14 46; 0 0 0 0 0 0 0 0 0 0 0 0 0 0 0 17 14 46; nan nan 0 nan 0 nan 0 nan 0 nan nan 0 0 nan nan 17 nan 46];
orders_phys = {[11 1 8 15 4 2], [11 6 1 8 15 4], [3 7], [7 12 13], [14 11 6 1 15 4 10], [7 9 5]};
orders_virt = {[], [], [17], [18], [], [16]};
W = [0 20 74 0 20 20 55 57 62 48 59 44 49 78 40 86 15 77 69 81 38 0 0 0 78 50 51; 20 0 88 20 0 0 53 61 79 66 53 34 58 98 56 100 9 97 89 95 57 0 0 0 98 69 61; 74 88 0 74 88 88 59 41 20 33 71 78 32 77 35 13 89 48 58 10 79 0 0 0 71 69 30; 0 20 74 0 20 20 55 57 62 48 59 44 49 78 40 86 15 77 69 81 38 0 0 0 78 50 51; 20 0 88 20 0 0 53 61 79 66 53 34 58 98 56 100 9 97 89 95 57 0 0 0 98 69 61; 20 0 88 20 0 0 53 61 79 66 53 34 58 98 56 100 9 97 89 95 57 0 0 0 98 69 61; 55 53 59 55 53 53 0 18 65 61 11 24 30 112 50 73 60 94 96 70 86 0 0 0 108 89 31; 57 61 41 57 61 61 18 0 48 48 29 40 15 100 38 55 67 79 83 51 81 0 0 0 96 80 16; 62 79 20 62 79 79 65 48 0 15 76 78 34 57 23 25 78 31 38 21 59 0 0 0 51 48 33; 48 66 33 48 66 66 61 48 15 0 71 70 32 52 11 40 64 34 35 36 45 0 0 0 47 36 32; 59 53 71 59 53 53 11 29 76 71 0 20 41 121 60 84 62 105 106 81 93 0 0 0 118 97 43; 44 34 78 44 34 34 24 40 78 70 20 0 46 115 58 92 43 104 102 88 81 0 0 0 113 89 48; 49 58 32 49 58 58 30 15 34 32 41 46 0 84 23 45 61 64 67 41 68 0 0 0 80 65 2; 78 98 77 78 98 98 112 100 57 52 121 115 84 0 62 76 91 32 18 73 44 0 0 0 6 28 84; 40 56 35 40 56 56 50 38 23 11 60 58 23 62 0 45 55 46 45 41 47 0 0 0 58 42 23; 86 100 13 86 100 100 73 55 25 40 84 92 45 76 45 0 101 44 58 4 85 0 0 0 69 73 43; 15 9 89 15 9 9 60 67 78 64 62 43 61 91 55 101 0 93 84 96 49 0 0 0 91 63 64; 77 97 48 77 97 97 94 79 31 34 105 104 64 32 46 44 93 0 16 42 57 0 0 0 25 40 63; 69 89 58 69 89 89 96 83 38 35 106 102 67 18 45 58 84 16 0 55 43 0 0 0 13 25 67; 81 95 10 81 95 95 70 51 21 36 81 88 41 73 41 4 96 42 55 0 81 0 0 0 67 69 39; 38 57 79 38 57 57 86 81 59 45 93 81 68 44 47 85 49 57 43 81 0 0 0 0 46 17 69; 0 0 0 0 0 0 0 0 0 0 0 0 0 0 0 0 0 0 0 0 0 0 0 0 0 0 0; 0 0 0 0 0 0 0 0 0 0 0 0 0 0 0 0 0 0 0 0 0 0 0 0 0 0 0; 0 0 0 0 0 0 0 0 0 0 0 0 0 0 0 0 0 0 0 0 0 0 0 0 0 0 0; 78 98 71 78 98 98 108 96 51 47 118 113 80 6 58 69 91 25 13 67 46 0 0 0 0 29 80; 50 69 69 50 69 69 89 80 48 36 97 89 65 28 42 73 63 40 25 69 17 0 0 0 29 0 66; 51 61 30 51 61 61 31 16 33 32 43 48 2 84 23 43 64 63 67 39 69 0 0 0 80 66 0];
endDepot = [27 27 27 25 27 27];
Tstart = [10.600000000000001 8.2000000000000011 4 6.6000000000000005 10.600000000000001 6.8000000000000007 6.4000000000000004 15.4 7 2.6000000000000001 1.8 9.6000000000000014 11.600000000000001 2 7.6000000000000005 33.399999999999999 0 45];

plot_gantt_mt_per_robot( ...
    z_hard, tau, isVirtual, isMR, theta, durTask, ...
    svcPhysSJ, svcVirtSJ, orders_phys, orders_virt, ...
    W, endDepot, Tstart, instId);
