% Auto-generated from C++
% Instance 16

instId = 16;
z_hard = [1 1 0 1 1 1 0 0 1 0 0 0; 1 0 1 0 1 1 1 1 0 0 0 0; 0 0 0 0 0 0 0 0 1 1 0 1; 0 0 0 0 0 1 0 0 1 0 1 0];
tau = [126 nan nan nan 167 44 nan nan 241 nan nan nan; 126 nan nan nan 167 44 nan nan nan nan nan nan; nan nan nan nan nan nan nan nan 241 nan nan nan; nan nan nan nan nan 44 nan nan 241 nan nan nan];
isVirtual = [0 0 0 0 0 0 0 0 0 1 1 1];
isMR = [1 0 0 0 1 1 0 0 1 0 0 0];
theta = [126 7.8000000000000007 5.3000000000000007 12.299999999999999 167 44 3.7000000000000002 7.6500000000000004 241 23 23 12];
durTask = [29 23 44 32 23 23 16 26 12 16 45 41];
svcPhysSJ = [29 23 44 32 23 23 16 26 12 nan nan nan; 29 23 44 32 23 23 16 26 12 0 0 0; nan nan 44 32 nan 23 nan nan 12 0 0 0; nan nan 44 32 nan 23 nan nan 12 0 0 0];
svcVirtSJ = [0 0 0 0 0 0 0 0 0 nan nan nan; 0 0 0 0 0 0 0 0 0 16 45 41; nan nan 0 0 nan 0 nan nan 0 16 45 41; nan nan 0 0 nan 0 nan nan 0 16 45 41];
orders_phys = {[6 1 5 9], [6 1 5], [9], [6 9]};
orders_virt = {[], [], [], []};
W = [0 0 58 0 45 42 24 72 58 44 6 44 75 0 0 0 48 48; 0 0 58 0 45 42 24 72 58 44 6 44 75 0 0 0 48 48; 58 58 0 58 18 30 34 30 15 78 56 21 36 0 0 0 63 12; 0 0 58 0 45 42 24 72 58 44 6 44 75 0 0 0 48 48; 45 45 18 45 0 32 21 45 12 59 41 3 51 0 0 0 63 17; 42 42 30 42 32 0 25 29 40 77 43 35 32 0 0 0 32 18; 24 24 34 24 21 25 0 51 33 52 22 21 55 0 0 0 48 24; 72 72 30 72 45 29 51 0 45 102 72 49 6 0 0 0 52 29; 58 58 15 58 12 40 33 45 0 68 54 13 51 0 0 0 73 23; 44 44 78 44 59 77 52 102 68 0 38 56 107 0 0 0 92 73; 6 6 56 6 41 43 22 72 54 38 0 40 76 0 0 0 53 47; 44 44 21 44 3 35 21 49 13 56 40 0 55 0 0 0 66 21; 75 75 36 75 51 32 55 6 51 107 76 55 0 0 0 0 51 34; 0 0 0 0 0 0 0 0 0 0 0 0 0 0 0 0 0 0; 0 0 0 0 0 0 0 0 0 0 0 0 0 0 0 0 0 0; 0 0 0 0 0 0 0 0 0 0 0 0 0 0 0 0 0 0; 48 48 63 48 63 32 48 52 73 92 53 66 51 0 0 0 0 51; 48 48 12 48 17 18 24 29 23 73 47 21 34 0 0 0 51 0];
endDepot = [18 18 18 18];
Tstart = [3.6000000000000001 6 4.8000000000000007 6 3 8.8000000000000007 1.2000000000000002 4.2000000000000002 7.2000000000000002 29 31.800000000000001 19.199999999999999];

plot_gantt_mt_per_robot( ...
    z_hard, tau, isVirtual, isMR, theta, durTask, ...
    svcPhysSJ, svcVirtSJ, orders_phys, orders_virt, ...
    W, endDepot, Tstart, instId);
