% Auto-generated from C++
% Instance 19

instId = 19;
z_hard = [0 1 1 0 1 0 1 0 0 0 1 0; 1 0 1 0 1 0 1 0 0 0 0 0; 0 0 0 0 0 0 0 1 1 1 0 0; 0 0 1 0 1 1 1 0 0 0 0 0; 0 0 0 1 0 0 0 1 1 1 0 1];
tau = [nan 175 157 nan 99 nan 34 nan nan nan 223 nan; 198 nan 157 nan 99 nan 34 nan nan nan nan nan; nan nan nan nan nan nan nan 121 55 162 nan nan; nan nan 157 nan 99 220 34 nan nan nan nan nan; nan nan nan 213 nan nan nan 121 55 162 nan 223];
isVirtual = [0 0 0 0 0 0 0 0 0 0 1 1];
isMR = [0 0 1 0 1 0 1 1 1 1 0 0];
theta = [2.2000000000000002 7.6799999999999997 157 13.48 99 4.8800000000000008 34 121 55 162 10 42];
durTask = [10 22 13 10 35 37 28 20 48 42 33 40];
svcPhysSJ = [10 22 13 nan 35 nan 28 nan nan nan 0 nan; 10 22 13 nan 35 nan 28 nan nan nan 0 0; 10 22 13 10 35 37 28 20 48 42 nan 0; 10 22 13 10 35 37 28 20 48 42 0 nan; 10 22 13 10 35 37 28 20 48 42 nan 0];
svcVirtSJ = [0 0 0 nan 0 nan 0 nan nan nan 33 nan; 0 0 0 nan 0 nan 0 nan nan nan 33 40; 0 0 0 0 0 0 0 0 0 0 nan 40; 0 0 0 0 0 0 0 0 0 0 33 nan; 0 0 0 0 0 0 0 0 0 0 nan 40];
orders_phys = {[7 5 3 2], [7 5 3 1], [9 8 10], [7 5 3 6], [9 8 10 4]};
orders_virt = {[11], [], [], [], [12]};
W = [0 21 21 0 21 11 36 31 80 9 19 34 90 73 76 0 0 61 13; 21 0 0 21 0 11 40 35 59 24 28 13 72 55 56 0 0 40 23; 21 0 0 21 0 11 40 35 59 24 28 13 72 55 56 0 0 40 23; 0 21 21 0 21 11 36 31 80 9 19 34 90 73 76 0 0 61 13; 21 0 0 21 0 11 40 35 59 24 28 13 72 55 56 0 0 40 23; 11 11 11 11 11 0 33 28 69 13 25 24 79 62 65 0 0 52 19; 36 40 40 36 40 33 0 5 79 27 55 49 77 59 72 0 0 74 49; 31 35 35 31 35 28 5 0 77 23 50 45 77 59 71 0 0 70 44; 80 59 59 80 59 69 79 77 0 81 85 47 27 29 9 0 0 30 81; 9 24 24 9 24 13 27 23 81 0 28 37 88 70 76 0 0 65 22; 19 28 28 19 28 25 55 50 85 28 0 38 100 84 83 0 0 61 6; 34 13 13 34 13 24 49 45 47 37 38 0 63 48 45 0 0 27 34; 90 72 72 90 72 79 77 77 27 88 100 63 0 18 21 0 0 55 95; 73 55 55 73 55 62 59 59 29 70 84 48 18 0 20 0 0 48 79; 76 56 56 76 56 65 72 71 9 76 83 45 21 20 0 0 0 33 79; 0 0 0 0 0 0 0 0 0 0 0 0 0 0 0 0 0 0 0; 0 0 0 0 0 0 0 0 0 0 0 0 0 0 0 0 0 0 0; 61 40 40 61 40 52 74 70 30 65 61 27 55 48 33 0 0 0 58; 13 23 23 13 23 19 49 44 81 22 6 34 95 79 79 0 0 58 0];
endDepot = [19 19 18 19 18];
Tstart = [2.2000000000000002 7.2000000000000002 6.2000000000000002 11.800000000000001 1.8 3.8000000000000003 2.6000000000000001 14.4 11 11.200000000000001 21.800000000000001 53.200000000000003];

plot_gantt_mt_per_robot( ...
    z_hard, tau, isVirtual, isMR, theta, durTask, ...
    svcPhysSJ, svcVirtSJ, orders_phys, orders_virt, ...
    W, endDepot, Tstart, instId);
