% Auto-generated from C++
% Instance 6

instId = 6;
z_hard = [1 1 1 1 1 1 1 0; 1 1 1 1 1 1 0 1];
tau = [9 102 314 391 241 155 326 nan; 9 102 314 391 241 155 nan 423];
isVirtual = [0 0 0 0 0 0 1 1];
isMR = [1 1 1 1 1 1 0 0];
theta = [9 102 314 391 241 155 12 32];
durTask = [38 35 12 32 11 39 37 25];
svcPhysSJ = [38 35 12 32 11 39 0 0; 38 35 12 32 11 39 0 0];
svcVirtSJ = [0 0 0 0 0 0 37 25; 0 0 0 0 0 0 37 25];
orders_phys = {[1 2 6 5 3 4], [1 2 6 5 3 4]};
orders_virt = {[7], [8]};
W = [0 0 9 62 56 43 20 44 0 0 39; 0 0 9 62 56 43 20 44 0 0 39; 9 9 0 55 64 49 16 37 0 0 40; 62 62 55 0 118 77 65 18 0 0 54; 56 56 64 118 0 65 62 100 0 0 80; 43 43 49 77 65 0 63 64 0 0 23; 20 20 16 65 62 63 0 47 0 0 57; 44 44 37 18 100 64 47 0 0 0 42; 0 0 0 0 0 0 0 0 0 0 0; 0 0 0 0 0 0 0 0 0 0 0; 39 39 40 54 80 23 57 42 0 0 0];
endDepot = [11 11];
Tstart = [1.8 12.4 11.200000000000001 8.5999999999999996 4 8.8000000000000007 23.200000000000003 40.600000000000001];

plot_gantt_mt_per_robot( ...
    z_hard, tau, isVirtual, isMR, theta, durTask, ...
    svcPhysSJ, svcVirtSJ, orders_phys, orders_virt, ...
    W, endDepot, Tstart, instId);
