0	0	107	45	28	94	0	0	61	
0	0	107	45	28	94	0	0	61	
107	107	0	62	96	17	0	0	73	
45	45	62	0	38	50	0	0	42	
28	28	96	38	0	88	0	0	73	
94	94	17	50	88	0	0	0	55	
0	0	0	0	0	0	0	0	0	
0	0	0	0	0	0	0	0	0	
61	61	73	42	73	55	0	0	0	
