0	0	24	78	58	47	71	0	57	
0	0	24	78	58	47	71	0	57	
24	24	0	72	43	68	57	0	56	
78	78	72	0	36	79	29	0	22	
58	58	43	36	0	81	14	0	34	
47	47	68	79	81	0	89	0	57	
71	71	57	29	14	89	0	0	35	
0	0	0	0	0	0	0	0	0	
57	57	56	22	34	57	35	0	0	
