0	0	8	79	43	69	69	71	0	72	
0	0	8	79	43	69	69	71	0	72	
8	8	0	73	35	71	72	71	0	73	
79	79	73	0	76	71	73	56	0	68	
43	43	35	76	0	101	102	97	0	102	
69	69	71	71	101	0	1	17	0	5	
69	69	72	73	102	1	0	19	0	6	
71	71	71	56	97	17	19	0	0	13	
0	0	0	0	0	0	0	0	0	0	
72	72	73	68	102	5	6	13	0	0	
