0	0	9	62	56	43	20	44	0	0	39	
0	0	9	62	56	43	20	44	0	0	39	
9	9	0	55	64	49	16	37	0	0	40	
62	62	55	0	118	77	65	18	0	0	54	
56	56	64	118	0	65	62	100	0	0	80	
43	43	49	77	65	0	63	64	0	0	23	
20	20	16	65	62	63	0	47	0	0	57	
44	44	37	18	100	64	47	0	0	0	42	
0	0	0	0	0	0	0	0	0	0	0	
0	0	0	0	0	0	0	0	0	0	0	
39	39	40	54	80	23	57	42	0	0	0	
