0	0	0	84	55	18	7	64	54	73	0	21	
0	0	0	84	55	18	7	64	54	73	0	21	
0	0	0	84	55	18	7	64	54	73	0	21	
84	84	84	0	63	66	80	22	31	18	0	64	
55	55	55	63	0	41	47	43	49	45	0	48	
18	18	18	66	41	0	14	45	36	55	0	8	
7	7	7	80	47	14	0	59	50	68	0	19	
64	64	64	22	43	45	59	0	15	11	0	44	
54	54	54	31	49	36	50	15	0	26	0	33	
73	73	73	18	45	55	68	11	26	0	0	55	
0	0	0	0	0	0	0	0	0	0	0	0	
21	21	21	64	48	8	19	44	33	55	0	0	
