0	0	32	95	37	16	56	69	61	0	81	
0	0	32	95	37	16	56	69	61	0	81	
32	32	0	70	10	15	29	65	36	0	75	
95	95	70	0	77	81	41	54	34	0	53	
37	37	10	77	0	21	35	75	43	0	86	
16	16	15	81	21	0	41	64	46	0	76	
56	56	29	41	35	41	0	51	7	0	59	
69	69	65	54	75	64	51	0	46	0	11	
61	61	36	34	43	46	7	46	0	0	53	
0	0	0	0	0	0	0	0	0	0	0	
81	81	75	53	86	76	59	11	53	0	0	
